3 0.4551558530906012 0.7138671875 0.49538427444961897 0.712890625 0.5505546808848434 0.705078125 0.5563015982218459 0.7001953125 0.5563015982218459 0.6806640625 0.5505546808848434 0.67578125 0.5367620792760373 0.671875 0.5160731768628282 0.671875 0.4861892067104149 0.666015625 0.4402138680143946 0.666015625 0.4379151010795936 0.6640625 0.3275742882091448 0.6640625 0.32297675433954276 0.666015625 0.3160804535351397 0.6640625 0.24251991162150718 0.671875 0.23447422734970363 0.6767578125 0.2321754604149026 0.6845703125 0.23447422734970363 0.6982421875 0.2586112801651143 0.70703125 0.3689520930355631 0.71484375
2 0.04367657176121931 0.3349609375 0.05172225603302286 0.326171875 0.05861855683742591 0.32421875 0.11149019633784928 0.318359375 0.21263594146909398 0.318359375 0.26320881403471635 0.322265625 0.29309278418712953 0.328125 0.2976903180567316 0.328125 0.3011384684589331 0.3212890625 0.2988397015241321 0.3154296875 0.29079401725232856 0.310546875 0.2586112801651143 0.302734375 0.22183100920829804 0.298828125 0.09539882779424216 0.298828125 0.056319789902624894 0.302734375 0.03563088748941575 0.30859375 0.027585203217612195 0.3154296875 0.027585203217612195 0.3291015625 0.03563088748941575 0.3359375
2 0.05287163950042337 0.3525390625 0.07700869231583404 0.341796875 0.12298403101185436 0.337890625 0.1988433398602879 0.337890625 0.2011421067950889 0.3359375 0.20344087372988992 0.337890625 0.2678063479043184 0.33984375 0.2999890849915326 0.345703125 0.3114829196655377 0.345703125 0.31263230313293816 0.3388671875 0.2999890849915326 0.328125 0.24941621242591025 0.3203125 0.19194703905588484 0.31640625 0.10689266246824725 0.318359375 0.04712472216342083 0.328125 0.03907903789161727 0.3369140625 0.03907903789161727 0.3486328125 0.04482595522861981 0.353515625
2 0.05976794030482642 0.3701171875 0.07930745925063505 0.36328125 0.09310006085944116 0.36328125 0.0999963616638442 0.353515625 0.10344451206604573 0.3544921875 0.10459389553344624 0.359375 0.17355690357747672 0.359375 0.17585567051227774 0.357421875 0.18045320438187976 0.359375 0.2563125132303133 0.359375 0.32067798740474174 0.3671875 0.3287236716765453 0.3662109375 0.3287236716765453 0.3544921875 0.3114829196655377 0.345703125 0.2402211446867062 0.337890625 0.09539882779424216 0.33984375 0.07700869231583404 0.341796875 0.05861855683742591 0.349609375 0.05287163950042337 0.3564453125 0.05287163950042337 0.3662109375
2 0.0712617749788315 0.3876953125 0.07930745925063505 0.38671875 0.08275560965283658 0.3837890625 0.08275560965283658 0.3779296875 0.07470992538103302 0.375 0.07585930884843353 0.3798828125 0.07011239151143099 0.380859375 0.06666424110922947 0.3740234375 0.06896300804403048 0.3701171875 0.06551485764182896 0.369140625 0.062066707239627435 0.3740234375 0.062066707239627435 0.3876953125
2 0.33791873941574935 0.3876953125 0.33791873941574935 0.3759765625 0.3298730551439458 0.369140625 0.3160804535351397 0.365234375 0.2563125132303133 0.359375 0.17815443744707873 0.357421875 0.17010875317527518 0.3603515625 0.1712581366426757 0.380859375 0.2563125132303133 0.380859375 0.3091841527307367 0.384765625 0.32297675433954276 0.388671875
2 0.33791873941574935 0.4111328125 0.34021750635055037 0.3955078125 0.3344705890135478 0.388671875 0.2861964833827265 0.3828125 0.1712581366426757 0.380859375 0.16666060277307368 0.384765625 0.16206306890347164 0.3828125 0.12298403101185436 0.38671875 0.08390499312023708 0.38671875 0.07241115844623201 0.388671875 0.06436547417442845 0.3935546875 0.06781362457662997 0.408203125 0.12528279794665537 0.40234375 0.24711744549110923 0.40234375 0.30458661886113464 0.408203125 0.3091841527307367 0.40625 0.33217182207874685 0.412109375
2 0.3356199724809483 0.4287109375 0.3356199724809483 0.4150390625 0.33217182207874685 0.412109375 0.30688538579593566 0.40625 0.2815989495131245 0.404296875 0.2402211446867062 0.404296875 0.23792237775190517 0.40234375 0.13907539955546147 0.40234375 0.13447786568585945 0.404296875 0.1298803318162574 0.40234375 0.07241115844623201 0.40625 0.05976794030482642 0.4130859375 0.05976794030482642 0.4267578125 0.06551485764182896 0.4296875 0.0999963616638442 0.423828125 0.2678063479043184 0.423828125 0.32297675433954276 0.4296875
2 0.33332120554614736 0.4501953125 0.3356199724809483 0.4482421875 0.3344705890135478 0.4296875 0.2678063479043184 0.423828125 0.10919142940304827 0.423828125 0.07011239151143099 0.427734375 0.062066707239627435 0.4326171875 0.06321609070702794 0.447265625 0.24941621242591025 0.4453125 0.25171497936071124 0.447265625 0.30688538579593566 0.447265625 0.3252755212743438 0.451171875
2 0.33332120554614736 0.4697265625 0.3356199724809483 0.4560546875 0.3298730551439458 0.451171875 0.2999890849915326 0.447265625 0.1137889632726503 0.4453125 0.06321609070702794 0.44921875 0.057469173370025405 0.4541015625 0.057469173370025405 0.4677734375 0.06321609070702794 0.470703125 0.10229512859864522 0.466796875 0.27010511483911936 0.466796875 0.2724038817739204 0.46875
2 0.3356199724809483 0.4892578125 0.33332120554614736 0.4873046875 0.33791873941574935 0.4873046875 0.33791873941574935 0.4736328125 0.32297675433954276 0.46875 0.10459389553344624 0.466796875 0.07700869231583404 0.46875 0.062066707239627435 0.4736328125 0.06321609070702794 0.490234375
2 0.33791873941574935 0.5107421875 0.33791873941574935 0.4951171875 0.3275742882091448 0.490234375 0.26320881403471635 0.490234375 0.26091004709991533 0.48828125 0.10689266246824725 0.48828125 0.10229512859864522 0.490234375 0.09769759472904319 0.48828125 0.09539882779424216 0.490234375 0.06321609070702794 0.490234375 0.057469173370025405 0.4951171875 0.057469173370025405 0.5068359375 0.06321609070702794 0.51171875
2 0.3356199724809483 0.5322265625 0.33791873941574935 0.5185546875 0.3344705890135478 0.513671875 0.3252755212743438 0.51171875 0.06321609070702794 0.51171875 0.05976794030482642 0.5146484375 0.05976794030482642 0.5302734375 0.06321609070702794 0.533203125
2 0.33332120554614736 0.5537109375 0.33791873941574935 0.5498046875 0.33791873941574935 0.5361328125 0.3344705890135478 0.533203125 0.30458661886113464 0.533203125 0.3022878519263336 0.53515625 0.29079401725232856 0.533203125 0.2655075809695174 0.53515625 0.26091004709991533 0.533203125 0.24711744549110923 0.53515625 0.24251991162150718 0.533203125 0.2287273100127011 0.53515625 0.22412977614309906 0.533203125 0.06551485764182896 0.533203125 0.05976794030482642 0.5361328125 0.05976794030482642 0.5498046875 0.06781362457662997 0.5546875 0.11149019633784928 0.5546875 0.1160877302074513 0.55078125 0.12298403101185436 0.5546875
2 0.20688902413209145 0.5771484375 0.3275742882091448 0.576171875 0.34021750635055037 0.5712890625 0.34021750635055037 0.5576171875 0.33676935594834884 0.5546875 0.12068526407705335 0.5546875 0.11838649714225233 0.552734375 0.06551485764182896 0.5546875 0.062066707239627435 0.5576171875 0.062066707239627435 0.5712890625 0.06781362457662997 0.576171875
2 0.27815079911092294 0.5986328125 0.3344705890135478 0.595703125 0.33791873941574935 0.5927734375 0.34021750635055037 0.5771484375 0.06781362457662997 0.576171875 0.06436547417442845 0.5791015625 0.06436547417442845 0.5908203125 0.07241115844623201 0.595703125 0.17585567051227774 0.59765625 0.17815443744707873 0.599609375
2 0.30573600232853515 0.6181640625 0.3298730551439458 0.615234375 0.33332120554614736 0.6005859375 0.3298730551439458 0.59765625 0.16895936970787467 0.599609375 0.16666060277307368 0.59765625 0.08850252698983913 0.59765625 0.0862037600550381 0.595703125 0.060917323772226924 0.595703125 0.05517040643522439 0.6005859375 0.05517040643522439 0.6123046875 0.05861855683742591 0.6171875 0.08390499312023708 0.619140625
2 0.2666569644369179 0.6416015625 0.3275742882091448 0.638671875 0.33332120554614736 0.6357421875 0.3356199724809483 0.6298828125 0.33332120554614736 0.6181640625 0.3298730551439458 0.615234375 0.32297675433954276 0.615234375 0.30458661886113464 0.619140625 0.22412977614309906 0.62109375 0.22183100920829804 0.619140625 0.07011239151143099 0.619140625 0.060917323772226924 0.6171875 0.057469173370025405 0.6240234375 0.060917323772226924 0.63671875 0.0862037600550381 0.640625
2 0.19309642252328535 0.6650390625 0.27930018257832345 0.6640625 0.3344705890135478 0.658203125 0.34021750635055037 0.6552734375 0.34021750635055037 0.6376953125 0.3344705890135478 0.634765625 0.3275742882091448 0.638671875 0.27010511483911936 0.642578125 0.1574655350338696 0.642578125 0.1551667680990686 0.640625 0.1275815648814564 0.642578125 0.07011239151143099 0.638671875 0.062066707239627435 0.6416015625 0.06436547417442845 0.6552734375 0.06781362457662997 0.658203125 0.10459389553344624 0.6640625
2 0.22987669348010162 0.6884765625 0.2321754604149026 0.6767578125 0.23562361081710415 0.673828125 0.24251991162150718 0.669921875 0.26435819750211687 0.6669921875 0.25401374629551227 0.6640625 0.18045320438187976 0.666015625 0.17815443744707873 0.6640625 0.10459389553344624 0.6640625 0.08045684271803556 0.6611328125 0.08045684271803556 0.6767578125 0.09080129392464013 0.681640625 0.14367293342506351 0.6875
2 0.2160840918712955 0.7099609375 0.21838285880609654 0.6982421875 0.22527915961049957 0.6923828125 0.22412977614309906 0.689453125 0.13907539955546147 0.6875 0.10229512859864522 0.68359375 0.07930745925063505 0.677734375 0.07356054191363251 0.6806640625 0.07356054191363251 0.6982421875 0.0862037600550381 0.703125 0.1459717003598645 0.708984375
2 0.20688902413209145 0.7294921875 0.20918779106689248 0.7216796875 0.2160840918712955 0.7177734375 0.214934708403895 0.7109375 0.14367293342506351 0.708984375 0.10229512859864522 0.703125 0.07356054191363251 0.7021484375 0.07356054191363251 0.7158203125 0.08160622618543607 0.72265625 0.09539882779424216 0.7265625 0.1298803318162574 0.73046875
2 0.20459025719729043 0.7509765625 0.20573964066469094 0.73046875 0.13217909875105843 0.73046875 0.1298803318162574 0.728515625 0.1275815648814564 0.73046875 0.08045684271803556 0.7236328125 0.08045684271803556 0.7373046875 0.09769759472904319 0.74609375 0.1160877302074513 0.748046875 0.12068526407705335 0.744140625 0.12298403101185436 0.748046875 0.13217909875105843 0.75
2 0.2022914902624894 0.7724609375 0.20344087372988992 0.751953125 0.16436183583827266 0.751953125 0.12528279794665537 0.748046875 0.12068526407705335 0.75390625 0.1137889632726503 0.75390625 0.10459389553344624 0.74609375 0.08735314352243861 0.7451171875 0.08735314352243861 0.7568359375 0.10459389553344624 0.767578125 0.16206306890347164 0.7734375
2 0.19539518945808637 0.7958984375 0.2022914902624894 0.7939453125 0.2022914902624894 0.7763671875 0.1988433398602879 0.7734375 0.1597643019686706 0.7734375 0.11149019633784928 0.76953125 0.10229512859864522 0.765625 0.09195067739204064 0.7666015625 0.09195067739204064 0.7783203125 0.1137889632726503 0.7890625 0.15056923422946655 0.794921875
2 0.22068162574089756 0.8193359375 0.22068162574089756 0.8056640625 0.1988433398602879 0.794921875 0.19654457292548688 0.796875 0.15056923422946655 0.794921875 0.1137889632726503 0.7890625 0.09769759472904319 0.78125 0.08965191045723962 0.7841796875 0.09195067739204064 0.8017578125 0.10459389553344624 0.80859375 0.11838649714225233 0.80859375 0.1551667680990686 0.81640625
2 0.21838285880609654 0.8388671875 0.22068162574089756 0.8232421875 0.21723347533869602 0.8203125 0.15286800116426758 0.81640625 0.1413741664902625 0.8125 0.10229512859864522 0.80859375 0.08965191045723962 0.7998046875 0.08850252698983913 0.794921875 0.08160622618543607 0.79296875 0.07470992538103302 0.794921875 0.06896300804403048 0.8017578125 0.0712617749788315 0.8212890625 0.08850252698983913 0.830078125 0.13907539955546147 0.837890625
4 0.4551558530906012 0.7138671875 0.49538427444961897 0.712890625 0.5505546808848434 0.705078125 0.5563015982218459 0.7001953125 0.5563015982218459 0.6806640625 0.5505546808848434 0.67578125 0.5367620792760373 0.671875 0.5183719437976291 0.671875 0.4861892067104149 0.666015625 0.4402138680143946 0.666015625 0.4379151010795936 0.6640625 0.3298730551439458 0.6640625 0.32297675433954276 0.666015625 0.3160804535351397 0.6640625 0.24251991162150718 0.671875 0.23447422734970363 0.6767578125 0.2321754604149026 0.6845703125 0.23447422734970363 0.6982421875 0.2586112801651143 0.70703125 0.3689520930355631 0.71484375
4 0.4643509208298052 0.7373046875 0.49538427444961897 0.736328125 0.5321645454064352 0.73046875 0.5425089966130398 0.7197265625 0.5425089966130398 0.7099609375 0.5344633123412362 0.70703125 0.49538427444961897 0.712890625 0.37584839383996616 0.71484375 0.2586112801651143 0.70703125 0.24251991162150718 0.703125 0.23102607694750213 0.6953125 0.22412977614309906 0.6953125 0.21838285880609654 0.7001953125 0.21838285880609654 0.7197265625 0.22183100920829804 0.724609375 0.2655075809695174 0.734375 0.3160804535351397 0.73828125
4 0.427570649872989 0.7646484375 0.4884879736452159 0.76171875 0.5137744099280271 0.7578125 0.5310151619390348 0.7509765625 0.5333139288738358 0.7314453125 0.5252682446020321 0.73046875 0.5137744099280271 0.734375 0.4700978381668078 0.73828125 0.32067798740474174 0.73828125 0.26320881403471635 0.734375 0.23102607694750213 0.728515625 0.21723347533869602 0.720703125 0.20918779106689248 0.7255859375 0.20918779106689248 0.7470703125 0.24251991162150718 0.7578125 0.33217182207874685 0.765625
4 0.3838940781117697 0.7919921875 0.44940893575359864 0.791015625 0.5137744099280271 0.783203125 0.5310151619390348 0.7763671875 0.5333139288738358 0.7607421875 0.5310151619390348 0.7548828125 0.5252682446020321 0.75390625 0.5068781091236241 0.759765625 0.46779907123200676 0.763671875 0.33217182207874685 0.765625 0.2402211446867062 0.7578125 0.21033717453429296 0.748046875 0.20688902413209145 0.7509765625 0.20688902413209145 0.7724609375 0.23102607694750213 0.78125 0.3091841527307367 0.791015625
4 0.42986941680779 0.8173828125 0.4838904397756139 0.814453125 0.5229694776672311 0.8046875 0.5310151619390348 0.7958984375 0.5310151619390348 0.7802734375 0.5229694776672311 0.779296875 0.5137744099280271 0.783203125 0.4746953720364098 0.7890625 0.4149274317315834 0.791015625 0.4126286647967824 0.79296875 0.2838977164479255 0.7890625 0.23102607694750213 0.78125 0.21033717453429296 0.7734375 0.20459025719729043 0.7744140625 0.2022914902624894 0.7822265625 0.20459025719729043 0.7958984375 0.20803840759949196 0.798828125 0.22412977614309906 0.806640625 0.25171497936071124 0.8125 0.3114829196655377 0.818359375
4 0.427570649872989 0.8408203125 0.4838904397756139 0.837890625 0.5321645454064352 0.828125 0.5448077635478408 0.8193359375 0.5448077635478408 0.7978515625 0.5321645454064352 0.796875 0.5229694776672311 0.8046875 0.49538427444961897 0.8125 0.4310188002751905 0.818359375 0.3114829196655377 0.818359375 0.22298039267569855 0.8076171875 0.22298039267569855 0.8193359375 0.22642854307790009 0.822265625 0.27010511483911936 0.833984375 0.355159491426757 0.841796875
4 0.4459607853513971 0.8662109375 0.5114756429932261 0.859375 0.5390608462108383 0.849609375 0.5471065304826418 0.8408203125 0.5448077635478408 0.8212890625 0.5367620792760373 0.826171875 0.5091768760584251 0.833984375 0.4287200333403895 0.841796875 0.32067798740474174 0.83984375 0.2586112801651143 0.83203125 0.2287273100127011 0.822265625 0.22298039267569855 0.8232421875 0.22298039267569855 0.8427734375 0.2287273100127011 0.84765625 0.27010511483911936 0.859375 0.3459644236875529 0.8671875
4 0.4413632514817951 0.8935546875 0.499981808319221 0.888671875 0.5390608462108383 0.876953125 0.5494052974174428 0.8662109375 0.5471065304826418 0.8447265625 0.5298657784716342 0.853515625 0.5091768760584251 0.859375 0.4379151010795936 0.8671875 0.31378168660033867 0.865234375 0.25171497936071124 0.85546875 0.2287273100127011 0.845703125 0.22298039267569855 0.8486328125 0.22527915961049957 0.8681640625 0.23792237775190517 0.876953125 0.2655075809695174 0.884765625 0.3459644236875529 0.89453125
3 0.8252573295935648 0.4716796875 0.8275560965283658 0.4541015625 0.8241079461261642 0.451171875 0.794223975973751 0.447265625 0.6631942606900931 0.4453125 0.6608954937552921 0.447265625 0.5551522147544454 0.44921875 0.5287163950042337 0.4541015625 0.5287163950042337 0.4677734375 0.5321645454064352 0.470703125 0.7367548026037256 0.46875 0.7482486372777307 0.47265625 0.7597424719517358 0.470703125
3 0.5172225603302286 0.4951171875 0.5620485155588484 0.4921875 0.789626442104149 0.494140625 0.7930745925063506 0.4912109375 0.7930745925063506 0.4736328125 0.787327675169348 0.470703125 0.7620412388865369 0.470703125 0.7505474042125317 0.474609375 0.7413523364733277 0.46875 0.5482559139500424 0.46875 0.502280575254022 0.474609375 0.4965336579170195 0.4794921875 0.4965336579170195 0.4931640625 0.499981808319221 0.49609375
3 0.7907758255715496 0.5146484375 0.7930745925063506 0.5009765625 0.789626442104149 0.49609375 0.7551449380821338 0.4921875 0.5551522147544454 0.4921875 0.4988324248518205 0.4970703125 0.499981808319221 0.515625
3 0.7838795247671465 0.5380859375 0.7884770586367486 0.5341796875 0.7884770586367486 0.5205078125 0.7827301412997459 0.515625 0.649401659081287 0.515625 0.647102892146486 0.513671875 0.49768304138442 0.515625 0.49423489098221846 0.5302734375 0.49768304138442 0.537109375
3 0.7723856900931414 0.5595703125 0.7838795247671465 0.5537109375 0.7827301412997459 0.5390625 0.49538427444961897 0.537109375 0.4896373571126164 0.5419921875 0.4896373571126164 0.5537109375 0.49308550751481794 0.55859375 0.6172189219940728 0.560546875 0.6264139897332769 0.556640625 0.63331029053768 0.560546875
3 0.7448004868755292 0.5810546875 0.7712363066257409 0.580078125 0.7746844570279424 0.5751953125 0.7746844570279424 0.5615234375 0.642505358276884 0.560546875 0.640206591342083 0.55859375 0.6310115236028789 0.55859375 0.6241152227984759 0.564453125 0.6195176889288738 0.55859375 0.6126213881244708 0.560546875 0.6057250873200677 0.55859375 0.6011275534504658 0.560546875 0.5965300195808637 0.55859375 0.4861892067104149 0.55859375 0.4804422893734124 0.5615234375 0.4804422893734124 0.5751953125 0.4884879736452159 0.580078125 0.5229694776672311 0.580078125 0.5252682446020321 0.58203125
3 0.6827337796359018 0.6044921875 0.7666387727561389 0.603515625 0.7700869231583404 0.6005859375 0.7700869231583404 0.5830078125 0.5183719437976291 0.58203125 0.49308550751481794 0.578125 0.4838904397756139 0.578125 0.47814352243861136 0.5830078125 0.47814352243861136 0.5986328125 0.4884879736452159 0.603515625
3 0.7608918554191363 0.6259765625 0.7804313743649449 0.625 0.7838795247671465 0.6220703125 0.7827301412997459 0.603515625 0.4896373571126164 0.6044921875 0.4896373571126164 0.6162109375 0.49538427444961897 0.623046875 0.5528534478196444 0.626953125
3 0.721812817527519 0.6494140625 0.7344560356689246 0.6484375 0.7333066522015241 0.6435546875 0.7367548026037256 0.640625 0.7459498703429297 0.642578125 0.7781326074301439 0.640625 0.7838795247671465 0.6279296875 0.7804313743649449 0.625 0.5597497486240475 0.626953125 0.5160731768628282 0.623046875 0.49308550751481794 0.623046875 0.4896373571126164 0.6259765625 0.4896373571126164 0.6396484375 0.5137744099280271 0.646484375 0.5850361849068586 0.6484375 0.5873349518416596 0.650390625
3 0.717215283657917 0.6728515625 0.7275597348645216 0.669921875 0.7436511034081287 0.671875 0.7769832239627434 0.6669921875 0.7666387727561389 0.6640625 0.7597424719517358 0.666015625 0.7482486372777307 0.662109375 0.7229622009949196 0.6640625 0.72411158446232 0.6533203125 0.7137671332557155 0.6484375 0.7045720655165114 0.650390625 0.7022732985817104 0.6484375 0.6999745316469094 0.650390625 0.5850361849068586 0.650390625 0.5482559139500424 0.646484375 0.5137744099280271 0.646484375 0.49768304138442 0.642578125 0.4896373571126164 0.6455078125 0.49193612404741743 0.6630859375 0.49538427444961897 0.666015625 0.5114756429932261 0.66796875 0.5965300195808637 0.673828125
3 0.717215283657917 0.6962890625 0.7436511034081287 0.6953125 0.7781326074301439 0.689453125 0.7815807578323455 0.6865234375 0.7815807578323455 0.6728515625 0.7781326074301439 0.669921875 0.7229622009949196 0.673828125 0.5494052974174428 0.6728515625 0.5586003651566469 0.6806640625 0.5597497486240475 0.6953125
3 0.6643436441574937 0.7197265625 0.7321572687341237 0.71875 0.7712363066257409 0.71484375 0.7815807578323455 0.7099609375 0.7815807578323455 0.6923828125 0.773535073560542 0.689453125 0.7597424719517358 0.693359375 0.7206634340601186 0.697265625 0.5597497486240475 0.6953125 0.5586003651566469 0.7001953125 0.5459571470152413 0.70703125 0.5425089966130398 0.7119140625 0.5505546808848434 0.716796875 0.5712435832980525 0.71875
3 0.714916516723116 0.7412109375 0.7620412388865369 0.73828125 0.7781326074301439 0.734375 0.7838795247671465 0.7275390625 0.7838795247671465 0.7158203125 0.7758338404953429 0.712890625 0.7620412388865369 0.716796875 0.6746880953640982 0.71875 0.6723893284292972 0.720703125 0.6034263203852667 0.720703125 0.5436583800804403 0.716796875 0.5425089966130398 0.7236328125 0.5356126958086368 0.7314453125 0.5390608462108383 0.736328125 0.5459571470152413 0.73828125 0.5712435832980525 0.740234375 0.6172189219940728 0.7421875 0.6218164558636748 0.73828125 0.6287127566680779 0.73828125 0.63331029053768 0.7421875
3 0.6988251481795089 0.7646484375 0.7804313743649449 0.7578125 0.7838795247671465 0.7548828125 0.7838795247671465 0.7373046875 0.7781326074301439 0.734375 0.7482486372777307 0.740234375 0.6723893284292972 0.744140625 0.6700905614944962 0.7421875 0.63331029053768 0.7421875 0.6287127566680779 0.73828125 0.6149201550592718 0.7421875 0.6011275534504658 0.7421875 0.5390608462108383 0.736328125 0.5356126958086368 0.7392578125 0.5333139288738358 0.7509765625 0.5367620792760373 0.7578125 0.5643472824936494 0.76171875 0.63331029053768 0.763671875 0.635609057472481 0.765625
3 0.7264103513971211 0.7861328125 0.7574437050169348 0.78515625 0.785028908234547 0.779296875 0.7884770586367486 0.7763671875 0.7884770586367486 0.7587890625 0.7712363066257409 0.7578125 0.7344560356689246 0.763671875 0.6723893284292972 0.763671875 0.6700905614944962 0.765625 0.6677917945596952 0.763671875 0.653999192950889 0.765625 0.5850361849068586 0.763671875 0.5436583800804403 0.7578125 0.5367620792760373 0.7578125 0.5333139288738358 0.7607421875 0.5333139288738358 0.7763671875 0.5482559139500424 0.78125 0.6218164558636748 0.787109375
3 0.717215283657917 0.8095703125 0.7413523364733277 0.80859375 0.7827301412997459 0.80078125 0.7907758255715496 0.7958984375 0.7907758255715496 0.7822265625 0.7827301412997459 0.779296875 0.7574437050169348 0.78515625 0.6815843961685013 0.787109375 0.6792856292337003 0.7890625 0.5827374179720576 0.78515625 0.5413596131456393 0.779296875 0.5333139288738358 0.7822265625 0.5448077635478408 0.7919921875 0.5528534478196444 0.8046875 0.6310115236028789 0.810546875
3 0.6896300804403048 0.8330078125 0.7344560356689246 0.83203125 0.7781326074301439 0.826171875 0.7930745925063506 0.8154296875 0.7953733594411516 0.8095703125 0.7930745925063506 0.7978515625 0.7666387727561389 0.8046875 0.7183646671253175 0.810546875 0.6241152227984759 0.810546875 0.6218164558636748 0.80859375 0.5827374179720576 0.80859375 0.5597497486240475 0.8046875 0.5505546808848434 0.8046875 0.5471065304826418 0.8076171875 0.5471065304826418 0.8193359375 0.5528534478196444 0.826171875 0.6011275534504658 0.83203125
3 0.708020215918713 0.8544921875 0.7459498703429297 0.8515625 0.773535073560542 0.845703125 0.7815807578323455 0.8388671875 0.7815807578323455 0.8271484375 0.6930782308425063 0.833984375 0.642505358276884 0.833984375 0.5505546808848434 0.826171875 0.5471065304826418 0.8349609375 0.5494052974174428 0.8466796875 0.5528534478196444 0.849609375 0.6172189219940728 0.85546875