3 0.75 0.7866265190972223 0.767578125 0.722412109375 0.767578125 0.6581976996527777 0.74609375 0.591064453125 0.7197265625 0.5487413194444445 0.6865234375 0.5224717881944444 0.6376953125 0.5166341145833333 0.5888671875 0.5399848090277778 0.552734375 0.5852267795138889 0.5517578125 0.5954427083333333 0.5888671875 0.5691731770833334 0.6337890625 0.5604166666666667 0.7001953125 0.5954427083333333 0.724609375 0.6319281684027778 0.73828125 0.6727918836805555 0.75 0.7282497829861111 0.751953125 0.7516004774305556 0.744140625 0.7720323350694445
3 0.609375 0.9296495225694444 0.6513671875 0.9223524305555556 0.6982421875 0.8844075520833333 0.73828125 0.8099772135416666 0.748046875 0.7603569878472223 0.7421875 0.6932237413194444 0.72265625 0.6290093315972223 0.6923828125 0.5866861979166667 0.6357421875 0.5604166666666667 0.5849609375 0.5691731770833334 0.5439453125 0.60419921875 0.51171875 0.6640353732638888 0.494140625 0.7428439670138889 0.5 0.8128960503472222 0.525390625 0.8741916232638889 0.5556640625 0.9106770833333333
3 0.501953125 0.6786295572916666 0.548828125 0.5852267795138889 0.5966796875 0.5224717881944444 0.5478515625 0.4962022569444444 0.4755859375 0.49912109375 0.4150390625 0.5312282986111111 0.390625 0.5677137586805555 0.390625 0.617333984375 0.4052734375 0.6509006076388889 0.4462890625 0.6742513020833333
3 0.49609375 0.7107367621527778 0.5029296875 0.6800889756944445 0.4541015625 0.6771701388888889 0.39453125 0.6465223524305556 0.4111328125 0.6800889756944445 0.4326171875 0.6976019965277778
3 0.494140625 0.7370062934027778 0.4951171875 0.7121961805555556 0.4443359375 0.7034396701388889 0.3984375 0.6669542100694444 0.40234375 0.6903049045138889 0.4248046875 0.7180338541666667 0.4619140625 0.735546875
3 0.4921875 0.7807888454861112 0.4912109375 0.7413845486111111 0.4228515625 0.7180338541666667 0.388671875 0.669873046875 0.390625 0.7194932725694444 0.4052734375 0.7443033854166666 0.4462890625 0.7734917534722222
3 0.7265625 0.4918240017361111 0.7294921875 0.48452690972222223 0.7060546875 0.48452690972222223 0.701171875 0.4743109809027778 0.7998046875 0.4728515625 0.8583984375 0.44658203125 0.880859375 0.40425889756944444 0.875 0.3575575086805556 0.8369140625 0.3210720486111111 0.7802734375 0.30355902777777777 0.7138671875 0.3064778645833333 0.6572265625 0.3356662326388889 0.640625 0.3721516927083333 0.654296875 0.4451226128472222 0.6845703125 0.47868923611111114
3 0.798828125 0.5005805121527778 0.8427734375 0.4874457465277778 0.8759765625 0.4611762152777778 0.88671875 0.43636610243055557 0.8828125 0.39842122395833335 0.8642578125 0.44074435763888886 0.8212890625 0.4670138888888889 0.7568359375 0.47577039930555554 0.66796875 0.46263563368055555 0.6884765625 0.48452690972222223 0.7255859375 0.49912109375
3 0.8046875 0.5356065538194444 0.8720703125 0.5049587673611111 0.888671875 0.4801486545138889 0.888671875 0.4451226128472222 0.8759765625 0.4670138888888889 0.7998046875 0.5020399305555555 0.7216796875 0.49912109375 0.65234375 0.459716796875 0.65234375 0.4889051649305556 0.6728515625 0.5020399305555555 0.6708984375 0.5137152777777778 0.7431640625 0.5370659722222222
3 0.671875 0.512255859375 0.67578125 0.5064181857638889 0.6533203125 0.47868923611111114 0.650390625 0.5005805121527778
3 0.78515625 0.564794921875 0.8603515625 0.5429036458333333 0.884765625 0.5151746961805556 0.888671875 0.4889051649305556 0.8544921875 0.5195529513888889 0.8056640625 0.5370659722222222 0.701171875 0.5268500434027777 0.7333984375 0.5604166666666667
3 0.7890625 0.5969021267361111 0.8212890625 0.5925238715277777 0.8642578125 0.5691731770833334 0.880859375 0.5502007378472222 0.884765625 0.5180935329861112 0.8232421875 0.5604166666666667 0.732421875 0.5618760850694444 0.7509765625 0.5983615451388888
3 0.796875 0.6260904947916667 0.8623046875 0.5983615451388888 0.876953125 0.5793891059027778 0.880859375 0.5502007378472222 0.8310546875 0.5896050347222223 0.751953125 0.5998209635416667 0.7626953125 0.6275499131944444
3 0.7734375 0.6581976996527777 0.8447265625 0.6392252604166667 0.869140625 0.6144151475694445 0.876953125 0.5852267795138889 0.8369140625 0.6158745659722222 0.7646484375 0.63046875
3 0.783203125 0.6932237413194444 0.8486328125 0.6684136284722222 0.865234375 0.6523600260416667 0.8671875 0.6231716579861111 0.8173828125 0.6538194444444444 0.7685546875 0.6596571180555556 0.76953125 0.6932237413194444
3 0.7734375 0.7253309461805556 0.8095703125 0.7180338541666667 0.8544921875 0.6888454861111111 0.865234375 0.6581976996527777 0.865234375 0.6319281684027778 0.857421875 0.6581976996527777 0.8349609375 0.6771701388888889 0.7705078125 0.6946831597222223 0.767578125 0.722412109375
3 0.7734375 0.7545193142361111 0.8427734375 0.7209526909722223 0.85546875 0.6873860677083333 0.8095703125 0.7180338541666667 0.7685546875 0.7267903645833333 0.76171875 0.7545193142361111
3 0.76171875 0.7837076822916667 0.8095703125 0.7676540798611111 0.84375 0.722412109375 0.8017578125 0.7472222222222222 0.7626953125 0.7559787326388889 0.75390625 0.7778700086805556
3 0.767578125 0.8099772135416666 0.8037109375 0.7997612847222222 0.8408203125 0.7734917534722222 0.85546875 0.7457628038194445 0.857421875 0.6990614149305555 0.8271484375 0.7530598958333333 0.7958984375 0.7764105902777778 0.7529296875 0.7851671006944444 0.7421875 0.8070583767361111