3 0.453125 0.7444431233213966 0.4677734375 0.7433065689346464 0.5107421875 0.7228485899731424 0.5361328125 0.7001175022381378 0.5625 0.6626112074753805 0.5625 0.6580649899283796 0.568359375 0.6512456636078783 0.5703125 0.6376070109668756 0.578125 0.6262414670993733 0.5859375 0.5966910530438675 0.587890625 0.578506182855864 0.5859375 0.5103129196508505 0.57421875 0.46485074418084155 0.552734375 0.4193885687108326 0.5107421875 0.3727898388540734 0.4853515625 0.35460496866606983 0.4619140625 0.345512533572068 0.4501953125 0.3432394247985676 0.4482421875 0.345512533572068 0.4365234375 0.34096631602506716 0.4072265625 0.3432394247985676 0.3662109375 0.35915118621307074 0.3486328125 0.37506294762757386 0.3388671875 0.37960916517457477 0.3125 0.40802302484333036 0.294921875 0.4353003301253357 0.28125 0.4716700705013429 0.275390625 0.49894737578334825 0.2734375 0.5648675302148612 0.28515625 0.6216952495523724 0.296875 0.6489725548343778 0.306640625 0.6671574250223814 0.3330078125 0.7001175022381378 0.3662109375 0.7273948075201433 0.3974609375 0.7410334601611459 0.4189453125 0.7455796777081468
3 0.66015625 0.47621628804834376 0.6904296875 0.4728066248880931 0.7138671875 0.46598729856759175 0.7333984375 0.47053351611459265 0.7373046875 0.45916797224709044 0.7578125 0.4443927652193375 0.765625 0.4239347862578335 0.767578125 0.38756504588182633 0.76171875 0.37619950201432406 0.7490234375 0.36369740376007165 0.7236328125 0.34778564234556847 0.6982421875 0.3432394247985676 0.6572265625 0.32732766338406444 0.5791015625 0.325054554610564 0.5595703125 0.3296007721575649 0.5400390625 0.3296007721575649 0.5146484375 0.33642009847806625 0.4951171875 0.345512533572068 0.490234375 0.3511953055058192 0.4990234375 0.3614242949865712 0.5087890625 0.36369740376007165 0.5146484375 0.37506294762757386 0.546875 0.40347680729632945 0.5791015625 0.4728066248880931 0.6005859375 0.477352842435094
3 0.6328125 0.5080398108773501 0.6865234375 0.502357038943599 0.7333984375 0.4864452775290958 0.755859375 0.46939696172784245 0.759765625 0.4443927652193375 0.7373046875 0.45689486347359 0.7333984375 0.4682604073410922 0.7255859375 0.4682604073410922 0.7197265625 0.4637141897940913 0.6611328125 0.477352842435094 0.580078125 0.47621628804834376 0.5869140625 0.5069032564905999
3 0.630859375 0.5375902249328559 0.6728515625 0.5341805617726052 0.7197265625 0.5205419091316025 0.7412109375 0.5069032564905999 0.755859375 0.4921280494628469 0.7578125 0.4739431792748433 0.7548828125 0.47053351611459265 0.7294921875 0.48871838630259623 0.6884765625 0.502357038943599 0.6376953125 0.5091763652641003 0.5888671875 0.5069032564905999 0.5859375 0.5103129196508505 0.5908203125 0.5364536705461056
3 0.630859375 0.5625944214413607 0.6865234375 0.5569116495076096 0.7158203125 0.5478192144136079 0.7353515625 0.5364536705461056 0.75390625 0.5171322459713519 0.755859375 0.49894737578334825 0.7529296875 0.4955377126230976 0.7353515625 0.5114494740376008 0.7099609375 0.5250881266786034 0.6767578125 0.5341805617726052 0.58984375 0.5398633337063563 0.58984375 0.5603213126678603 0.5947265625 0.563730975828111
3 0.638671875 0.5875986179498657 0.6923828125 0.5796427372426142 0.7314453125 0.563730975828111 0.751953125 0.5444095512533572 0.755859375 0.5353171161593554 0.75390625 0.5171322459713519 0.7353515625 0.5364536705461056 0.7041015625 0.5523654319606087 0.6611328125 0.5614578670546105 0.6318359375 0.563730975828111 0.5927734375 0.5614578670546105 0.58984375 0.5648675302148612 0.5888671875 0.5864620635631155
3 0.642578125 0.6148759232318711 0.6904296875 0.6069200425246195 0.7294921875 0.5910082811101164 0.751953125 0.5739599653088631 0.75 0.5648675302148612 0.759765625 0.5489557688003581 0.759765625 0.5398633337063563 0.7568359375 0.5364536705461056 0.7353515625 0.5614578670546105 0.6923828125 0.5796427372426142 0.6435546875 0.588735172336616 0.5888671875 0.588735172336616 0.58203125 0.6103297056848702 0.5849609375 0.6160124776186213
3 0.759765625 0.8262750391674127 0.8076171875 0.8183191584601611 0.8369140625 0.8069536145926589 0.8583984375 0.7933149619516562 0.880859375 0.767174211056401 0.88671875 0.746716232094897 0.888671875 0.7126196004923904 0.875 0.6830691864368845 0.8564453125 0.6637477618621307 0.8193359375 0.6410166741271263 0.7919921875 0.629651130259624 0.7685546875 0.6251049127126231 0.7626953125 0.6205586951656222 0.7099609375 0.6137393688451208 0.6533203125 0.6160124776186213 0.6279296875 0.6205586951656222 0.6044921875 0.629651130259624 0.5732421875 0.6478360004476276 0.5625 0.6648843162488809 0.5625 0.6694305337958818 0.5546875 0.6762498601163832 0.5546875 0.680796077663384 0.544921875 0.6944347303043867 0.54296875 0.7308044706803939 0.548828125 0.7489893408683975 0.5712890625 0.7774032005371531 0.5888671875 0.7910418531781558 0.6240234375 0.8092267233661593 0.6611328125 0.8205922672336616 0.7060546875 0.8274115935541629
3 0.591796875 0.6353339021933752 0.62109375 0.619422140778872 0.5830078125 0.6160124776186213 0.578125 0.6239683583258728 0.578125 0.6330607934198746 0.5810546875 0.6364704565801254
3 0.734375 0.6148759232318711 0.7509765625 0.6046469337511191 0.763671875 0.5830524004028648 0.765625 0.5694137477618622 0.763671875 0.5466826600268576 0.7587890625 0.5387267793196061 0.7578125 0.553501986347359 0.751953125 0.5603213126678603 0.755859375 0.5671406389883616 0.7470703125 0.5796427372426142 0.7119140625 0.6001007162041182 0.673828125 0.6126028144583706 0.6845703125 0.6160124776186213
3 0.34765625 0.23526675805729633 0.4072265625 0.22731087735004477 0.4384765625 0.21821844225604298 0.4599609375 0.20685289838854073 0.474609375 0.18980458258728738 0.47265625 0.14661551589077887 0.4521484375 0.12956720008952552 0.3974609375 0.11138232990152193 0.3525390625 0.1045630035810206 0.3349609375 0.10683611235452103 0.2646484375 0.1045630035810206 0.1923828125 0.11820165622202328 0.1572265625 0.1341134176365264 0.14453125 0.15116173343777978 0.146484375 0.1920776913607878 0.1513671875 0.2000335720680394 0.1728515625 0.21367222470904207 0.1962890625 0.22276465980304386 0.2587890625 0.23640331244404655
3 0.33203125 0.26936338965980305 0.3994140625 0.2614075089525515 0.4423828125 0.2477688563115488 0.46875 0.228447431736795 0.474609375 0.2148087790957923 0.474609375 0.19662390890778872 0.4716796875 0.1954873545210385 0.4599609375 0.20685289838854073 0.4423828125 0.21594533348254252 0.3837890625 0.23185709489704565 0.3447265625 0.23640331244404655 0.2646484375 0.23640331244404655 0.1962890625 0.22276465980304386 0.1728515625 0.21367222470904207 0.1494140625 0.19776046329453895 0.1474609375 0.19321424574753804 0.14453125 0.19435080013428827 0.142578125 0.22162810541629363 0.1533203125 0.2341302036705461 0.1748046875 0.2477688563115488 0.1982421875 0.2568612914055506 0.2392578125 0.26595372649955235 0.2861328125 0.27049994404655325
3 0.345703125 0.29891380371530885 0.3974609375 0.2909579230080573 0.4404296875 0.27504616159355416 0.4560546875 0.26595372649955235 0.462890625 0.2579978457923008 0.466796875 0.24663230192479857 0.466796875 0.23072054051029545 0.4423828125 0.2477688563115488 0.4013671875 0.2614075089525515 0.3369140625 0.27049994404655325 0.2783203125 0.27049994404655325 0.2236328125 0.26368061772605195 0.1845703125 0.2523150738585497 0.1533203125 0.2341302036705461 0.14453125 0.2193549966427932 0.140625 0.2193549966427932 0.138671875 0.24890541069829902 0.1513671875 0.26595372649955235 0.1748046875 0.27959237914055507 0.2080078125 0.2909579230080573 0.2626953125 0.3000503581020591
3 0.33203125 0.33073732654431515 0.3818359375 0.325054554610564 0.4384765625 0.30459657564906 0.462890625 0.2852751510743062 0.46484375 0.28072893352730527 0.462890625 0.2625440633393017 0.4599609375 0.2614075089525515 0.4267578125 0.2818654879140555 0.3779296875 0.2955041405550582 0.3466796875 0.3000503581020591 0.2607421875 0.3000503581020591 0.2158203125 0.29323103178155774 0.1845703125 0.284138596687556 0.1572265625 0.27049994404655325 0.1396484375 0.2500419650850492 0.13671875 0.25345162824529993 0.140625 0.28754825984780663 0.1552734375 0.30232346687555955 0.1845703125 0.3159621195165622 0.2412109375 0.3296007721575649
3 0.3046875 0.36483395814682185 0.3564453125 0.3614242949865712 0.3779296875 0.3523318598925694 0.3818359375 0.345512533572068 0.3896484375 0.34778564234556847 0.4111328125 0.34096631602506716 0.4345703125 0.3386932072515667 0.462890625 0.314825565129812 0.462890625 0.2852751510743062 0.4423828125 0.30232346687555955 0.4208984375 0.31368901074306177 0.3720703125 0.32732766338406444 0.3408203125 0.33187388093106535 0.2568359375 0.33187388093106535 0.2021484375 0.32050833706356313 0.1982421875 0.3227814458370636 0.1943359375 0.3182352282900627 0.1669921875 0.30914279319606086 0.1435546875 0.2909579230080573 0.138671875 0.2966406949418084 0.142578125 0.335283544091316 0.1513671875 0.3568780774395703 0.1650390625 0.35915118621307074 0.1748046875 0.3568780774395703 0.1826171875 0.35915118621307074 0.1865234375 0.36597051253357205 0.1943359375 0.36597051253357205 0.197265625 0.3625608493733214 0.1953125 0.3489221967323187 0.1982421875 0.34778564234556847 0.2001953125 0.35460496866606983 0.2373046875 0.3614242949865712
3 0.3046875 0.39438437220232764 0.3232421875 0.390974709042077 0.3466796875 0.36597051253357205 0.353515625 0.3625608493733214 0.2861328125 0.36597051253357205 0.2021484375 0.35460496866606983 0.1962890625 0.36597051253357205 0.1865234375 0.36597051253357205 0.1728515625 0.3568780774395703 0.150390625 0.3580146318263205 0.1845703125 0.3773360564010743 0.1923828125 0.3773360564010743 0.2060546875 0.3841553827215756 0.2548828125 0.39324781781557744
3 0.298828125 0.4239347862578335 0.31640625 0.39893058974932855 0.3154296875 0.3955209265890779 0.2802734375 0.3955209265890779 0.2236328125 0.38870160026857653 0.1845703125 0.3773360564010743 0.1552734375 0.35915118621307074 0.146484375 0.3625608493733214 0.1484375 0.37619950201432406 0.1552734375 0.3864284914950761 0.1884765625 0.4068864704565801 0.2353515625 0.42052512309758283 0.2744140625 0.4250713406445837
3 0.283203125 0.4534852003133393 0.287109375 0.4512120915398389 0.296875 0.4284810038048344 0.2939453125 0.4250713406445837 0.2431640625 0.4227982318710833 0.1982421875 0.411432688003581 0.1630859375 0.39324781781557744 0.1494140625 0.37960916517457477 0.146484375 0.38074571956132497 0.14453125 0.38756504588182633 0.146484375 0.401203698522829 0.1650390625 0.42052512309758283 0.1884765625 0.4341637757385855 0.2255859375 0.44780242837958817 0.2607421875 0.4523486459265891 0.2666015625 0.4455293196060877 0.2705078125 0.4455293196060877 0.2763671875 0.4523486459265891
3 0.27734375 0.4784893968218442 0.283203125 0.4625776354073411 0.2822265625 0.45462175470008953 0.2744140625 0.45462175470008953 0.271484375 0.4580314178603402 0.2734375 0.46485074418084155 0.2646484375 0.46598729856759175 0.265625 0.4580314178603402 0.2607421875 0.4523486459265891 0.2255859375 0.44780242837958817 0.1923828125 0.43643688451208595 0.1591796875 0.4159789055505819 0.1474609375 0.39779403536257835 0.14453125 0.401203698522829 0.140625 0.4171154599373321 0.14453125 0.4284810038048344 0.1689453125 0.4523486459265891 0.1962890625 0.46598729856759175 0.2197265625 0.4728066248880931 0.2587890625 0.47962595120859447
3 0.2734375 0.5080398108773501 0.2763671875 0.4818990599820949 0.2353515625 0.477352842435094 0.1943359375 0.46598729856759175 0.1669921875 0.4523486459265891 0.142578125 0.4284810038048344 0.146484375 0.467123852954342 0.1669921875 0.4818990599820949 0.1884765625 0.49326460384959714 0.2236328125 0.5046301477170994 0.2509765625 0.5091763652641003
3 0.271484375 0.5353171161593554 0.2734375 0.512586028424351 0.2705078125 0.5091763652641003 0.2685546875 0.5114494740376008 0.2333984375 0.5069032564905999 0.1982421875 0.49781082139659805 0.1669921875 0.4818990599820949 0.1513671875 0.47053351611459265 0.1474609375 0.4637141897940913 0.14453125 0.467123852954342 0.146484375 0.4853087231423456 0.1630859375 0.502357038943599 0.1845703125 0.5159956915846016 0.2431640625 0.5341805617726052
3 0.271484375 0.5671406389883616 0.2734375 0.553501986347359 0.2705078125 0.5364536705461056 0.2412109375 0.5341805617726052 0.2041015625 0.5250881266786034 0.1669921875 0.5069032564905999 0.1474609375 0.4864452775290958 0.14453125 0.48758183191584603 0.1484375 0.5194053547448523 0.1650390625 0.5364536705461056 0.1962890625 0.5523654319606087 0.2255859375 0.5614578670546105
3 0.27734375 0.5944179442703671 0.2724609375 0.568277193375112 0.2236328125 0.5614578670546105 0.1943359375 0.5523654319606087 0.1689453125 0.5387267793196061 0.1513671875 0.522815017905103 0.1484375 0.5262246810653536 0.15234375 0.5489557688003581 0.1708984375 0.5660040846016114 0.1865234375 0.5750965196956133 0.2314453125 0.5910082811101164 0.2587890625 0.5955544986571173
3 0.28515625 0.6239683583258728 0.2763671875 0.5955544986571173 0.2529296875 0.5955544986571173 0.2060546875 0.5841889547896151 0.1728515625 0.568277193375112 0.1572265625 0.5546385407341092 0.154296875 0.5557750951208594 0.158203125 0.5648675302148612 0.158203125 0.5830524004028648 0.1962890625 0.6069200425246195 0.2509765625 0.6228318039391226
3 0.294921875 0.6489725548343778 0.2861328125 0.6251049127126231 0.2373046875 0.6205586951656222 0.2001953125 0.60919315129812 0.1630859375 0.5864620635631155 0.15625 0.5875986179498657 0.15625 0.5966910530438675 0.1650390625 0.6114662600716204 0.2060546875 0.6364704565801254 0.2626953125 0.650109109221128
3 0.302734375 0.6762498601163832 0.30859375 0.6717036425693823 0.2978515625 0.6523822179946285 0.2451171875 0.6478360004476276 0.2001953125 0.6341973478066248 0.1708984375 0.6160124776186213 0.162109375 0.6057834881378693 0.162109375 0.5898717267233662 0.154296875 0.5898717267233662 0.15625 0.5966910530438675 0.154296875 0.6103297056848702 0.16015625 0.6239683583258728 0.1748046875 0.6410166741271263 0.1943359375 0.6546553267681289 0.2470703125 0.6728401969561325