2 0.3671875 0.3396278072556762 0.4013671875 0.33586808983218164 0.4404296875 0.3258421767028628 0.4912109375 0.30328387216189534 0.5029296875 0.2932579590325765 0.513671875 0.27445937191510367 0.515625 0.24187515424481737 0.51171875 0.22432980626850937 0.4912109375 0.2030247408687068 0.4462890625 0.18547939289239881 0.4072265625 0.17795995804540968 0.3291015625 0.17545347976307996 0.2587890625 0.18547939289239881 0.2138671875 0.2005182625863771 0.1826171875 0.2205700888450148 0.16796875 0.24187515424481737 0.166015625 0.28949824160908194 0.1865234375 0.3133097852912142 0.2001953125 0.32082922013820336 0.2451171875 0.33586808983218164 0.2802734375 0.3408810463968411
2 0.3515625 0.3722120249259625 0.4150390625 0.3634393509378085 0.4697265625 0.3433875246791708 0.5009765625 0.32082922013820336 0.509765625 0.30955006786771966 0.509765625 0.2945111981737414 0.5048828125 0.2907514807502468 0.4775390625 0.3108033070088845 0.4130859375 0.33336161154985194 0.3623046875 0.3408810463968411 0.2841796875 0.3408810463968411 0.2470703125 0.33586808983218164 0.2119140625 0.3258421767028628 0.1845703125 0.3108033070088845 0.166015625 0.29200471989141163 0.166015625 0.3170695027147088 0.169921875 0.3270954158440276 0.2001953125 0.3509069595261599 0.2333984375 0.3634393509378085 0.2705078125 0.37095878578479763
2 0.3515625 0.4073027208785785 0.4033203125 0.4010365251727542 0.4404296875 0.39101061204343535 0.4736328125 0.37597174234945707 0.4892578125 0.3659458292201382 0.5078125 0.34714724210266534 0.509765625 0.3170695027147088 0.5029296875 0.31832274185587367 0.4794921875 0.33837456811451133 0.4404296875 0.35591991609081935 0.4052734375 0.3659458292201382 0.3505859375 0.3734652640671273 0.2919921875 0.3734652640671273 0.2431640625 0.3659458292201382 0.2001953125 0.3509069595261599 0.1787109375 0.33586808983218164 0.1708984375 0.3258421767028628 0.16796875 0.3270954158440276 0.169921875 0.35717315523198423 0.1865234375 0.37597174234945707 0.2138671875 0.39101061204343535 0.2705078125 0.4060494817374136
2 0.36328125 0.4423934168311945 0.3837890625 0.43612722112537017 0.4033203125 0.43612722112537017 0.4208984375 0.42359482971372164 0.4619140625 0.4060494817374136 0.5048828125 0.3985300468904245 0.509765625 0.3521601986673248 0.5048828125 0.3509069595261599 0.4833984375 0.37095878578479763 0.4482421875 0.38850413376110565 0.3974609375 0.4035430034550839 0.3544921875 0.4085559600197433 0.2900390625 0.4085559600197433 0.2431640625 0.4010365251727542 0.2021484375 0.3859976554787759 0.1865234375 0.37597174234945707 0.1728515625 0.3609328726554788 0.169921875 0.3621861117966436 0.16796875 0.3847444163376111 0.1708984375 0.39351709032576504 0.1748046875 0.39351709032576504 0.1865234375 0.4085559600197433 0.2275390625 0.4311142645607108 0.2841796875 0.4436466559723593
2 0.353515625 0.4749776345014807 0.3662109375 0.4737243953603159 0.396484375 0.43988693854886474 0.3857421875 0.43612722112537017 0.3623046875 0.4436466559723593 0.2900390625 0.4436466559723593 0.2451171875 0.43612722112537017 0.2001953125 0.4185818731490622 0.1865234375 0.4085559600197433 0.16796875 0.3872508946199408 0.171875 0.42484806885488646 0.1865234375 0.4411401776900296 0.2041015625 0.4536725691016782 0.2275390625 0.463698482230997 0.2685546875 0.4737243953603159
2 0.357421875 0.4749776345014807 0.3720703125 0.46871143879565647 0.384765625 0.45492580824284307 0.384765625 0.4499128516781836 0.3916015625 0.4411401776900296 0.396484375 0.43988693854886474 0.3818359375 0.4386336994076999 0.3740234375 0.4436466559723593 0.3701171875 0.4411401776900296 0.2900390625 0.4436466559723593 0.2451171875 0.43612722112537017 0.2001953125 0.4185818731490622 0.1865234375 0.4085559600197433 0.1708984375 0.3859976554787759 0.16796875 0.3872508946199408 0.171875 0.42484806885488646 0.1884765625 0.4436466559723593 0.2041015625 0.4536725691016782 0.2353515625 0.46620496051332677 0.2861328125 0.4762308736426456
2 0.333984375 0.5401460698420533 0.34375 0.5200942435834156 0.3447265625 0.5088150913129319 0.3330078125 0.516334526159921 0.3310546875 0.5138280478775913 0.328125 0.5175877653010859 0.330078125 0.5226007218657454 0.3232421875 0.5288669175715696 0.318359375 0.525107200148075 0.3115234375 0.5088150913129319 0.2880859375 0.5088150913129319 0.2373046875 0.498789178183613 0.2080078125 0.4862567867719645 0.1865234375 0.47121791707798616 0.1787109375 0.46119200394866733 0.17578125 0.4649517213721619 0.1787109375 0.5012956564659428 0.1796875 0.49252298247778875 0.1845703125 0.4887632650542942 0.1923828125 0.5012956564659428 0.2021484375 0.5088150913129319 0.2431640625 0.5288669175715696 0.2861328125 0.5388928307008884
2 0.326171875 0.5727302875123396 0.33203125 0.5501719829713722 0.3310546875 0.5413993089832182 0.2841796875 0.5388928307008884 0.2412109375 0.5288669175715696 0.1982421875 0.5063086130306022 0.1787109375 0.48124383020730505 0.17578125 0.48249706934846986 0.177734375 0.5200942435834156 0.2138671875 0.551425222112537 0.2646484375 0.568970570088845 0.2978515625 0.5739835266535045
2 0.3203125 0.6078209834649556 0.32421875 0.5877691572063178 0.3232421875 0.5739835266535045 0.2744140625 0.5714770483711747 0.2294921875 0.5589446569595261 0.1982421875 0.5413993089832182 0.1806640625 0.5238539610069102 0.177734375 0.525107200148075 0.17578125 0.5326266349950641 0.177734375 0.5526784612537019 0.1806640625 0.551425222112537 0.1884765625 0.5639576135241856 0.2099609375 0.5815029615004936 0.2626953125 0.6015547877591313
2 0.3203125 0.6404052011352419 0.3193359375 0.6090742226061204 0.2724609375 0.604061266041461 0.2236328125 0.5890223963474828 0.1962890625 0.5714770483711747 0.17578125 0.5451590264067128 0.171875 0.5627043743830207 0.171875 0.5852626789239882 0.1748046875 0.5915288746298124 0.1806640625 0.5915288746298124 0.1982421875 0.6090742226061204 0.2177734375 0.621606614017769 0.2529296875 0.6341390054294176 0.2900390625 0.6416584402764067
2 0.3203125 0.6780023753701876 0.322265625 0.6604570273938796 0.3193359375 0.6441649185587365 0.2685546875 0.639151961994077 0.2333984375 0.6291260488647581 0.1962890625 0.6090742226061204 0.1748046875 0.5815029615004936 0.171875 0.5827562006416585 0.173828125 0.6228598531589339 0.1943359375 0.6441649185587365 0.2138671875 0.656697309970385 0.2509765625 0.6717361796643633 0.2919921875 0.6792556145113524
2 0.328125 0.7155995496051333 0.330078125 0.7080801147581441 0.3232421875 0.6817620927936822 0.2470703125 0.6717361796643633 0.2119140625 0.656697309970385 0.1884765625 0.639151961994077 0.1748046875 0.621606614017769 0.169921875 0.6228598531589339 0.166015625 0.6353922445705824 0.166015625 0.6554440708292202 0.1708984375 0.656697309970385 0.1728515625 0.6516843534057256 0.1865234375 0.674242657946693 0.2138671875 0.6942944842053307 0.2744140625 0.7143463104639685
2 0.33984375 0.753196723840079 0.34375 0.7481837672754196 0.3291015625 0.7168527887462981 0.2705078125 0.7143463104639685 0.2177734375 0.6968009624876604 0.1904296875 0.6792556145113524 0.173828125 0.6579505491115498 0.169921875 0.6378987228529122 0.166015625 0.6404052011352419 0.16796875 0.6980542016288253 0.1943359375 0.7218657453109576 0.2138671875 0.7343981367226061 0.2568359375 0.7494370064165844 0.2841796875 0.7544499629812438
2 0.349609375 0.7782615066633761 0.353515625 0.7757550283810464 0.353515625 0.770742071816387 0.3427734375 0.7519434846989141 0.2861328125 0.7544499629812438 0.2314453125 0.7419175715695953 0.2001953125 0.726878701875617 0.1767578125 0.7068268756169793 0.166015625 0.6930412450641659 0.17578125 0.7331448975814413 0.2158203125 0.7619693978282329 0.2431640625 0.7719953109575518 0.2802734375 0.7795147458045409
2 0.326171875 0.8133522026159921 0.349609375 0.7857809415103653 0.3486328125 0.7795147458045409 0.3076171875 0.7820212240868707 0.2431640625 0.7719953109575518 0.1982421875 0.7519434846989141 0.17578125 0.7306384192991116 0.17578125 0.7456772889930898 0.18359375 0.7607161586870681 0.2041015625 0.7820212240868707 0.2236328125 0.7945536154985192 0.2666015625 0.8095924851924975 0.2958984375 0.814605441757157
2 0.689453125 0.6404052011352419 0.7470703125 0.6341390054294176 0.8037109375 0.6115807008884502 0.8193359375 0.6015547877591313 0.828125 0.5902756354886476 0.8359375 0.5702238092300099 0.8359375 0.5576914178183613 0.8330078125 0.5564381786771965 0.8251953125 0.5664640918065152 0.8076171875 0.5789964832181639 0.7802734375 0.5915288746298124 0.7333984375 0.604061266041461 0.6845703125 0.6065677443237907 0.68359375 0.6378987228529122
2 0.708984375 0.665469983958539 0.7587890625 0.656697309970385 0.7861328125 0.6441649185587365 0.8212890625 0.6165936574531096 0.830078125 0.6053145051826259 0.83203125 0.5927821137709773 0.8291015625 0.5890223963474828 0.8134765625 0.6065677443237907 0.7724609375 0.6266195705824285 0.7353515625 0.6366454837117473 0.6865234375 0.639151961994077 0.68359375 0.6429116794175715 0.681640625 0.6629635056762093 0.6845703125 0.6667232230997039
2 0.693359375 0.700560679911155 0.7431640625 0.6942944842053307 0.7724609375 0.6842685710760118 0.7998046875 0.6667232230997039 0.8154296875 0.6617102665350444 0.826171875 0.630379288005923 0.828125 0.612833940029615 0.8232421875 0.6115807008884502 0.8173828125 0.621606614017769 0.7998046875 0.6366454837117473 0.7607421875 0.656697309970385 0.7138671875 0.6667232230997039 0.6904296875 0.6692297013820335 0.6845703125 0.6667232230997039 0.6796875 0.6754958970878578 0.677734375 0.700560679911155
2 0.69921875 0.7306384192991116 0.7451171875 0.7218657453109576 0.7763671875 0.709333353899309 0.8037109375 0.6867750493583415 0.8115234375 0.6842685710760118 0.818359375 0.6729894188055281 0.818359375 0.6629635056762093 0.8154296875 0.656697309970385 0.7919921875 0.674242657946693 0.7451171875 0.6942944842053307 0.6767578125 0.7018139190523198 0.673828125 0.7055736364758144 0.6689453125 0.7318916584402764
2 0.669921875 0.7632226369693978 0.6982421875 0.7619693978282329 0.7333984375 0.7544499629812438 0.7646484375 0.7419175715695953 0.7880859375 0.726878701875617 0.810546875 0.700560679911155 0.818359375 0.665469983958539 0.814453125 0.665469983958539 0.8115234375 0.6817620927936822 0.8076171875 0.6817620927936822 0.7919921875 0.6993074407699901 0.7666015625 0.7143463104639685 0.7197265625 0.7293851801579467 0.6669921875 0.7343981367226061 0.662109375 0.7406643324284304 0.65625 0.7607161586870681 0.6591796875 0.7644758761105627
2 0.701171875 0.7933003763573544 0.7509765625 0.7820212240868707 0.7822265625 0.7669823543928924 0.8017578125 0.7519434846989141 0.8203125 0.7231189844521224 0.822265625 0.6805088536525172 0.81640625 0.683015331934847 0.810546875 0.700560679911155 0.7939453125 0.7218657453109576 0.7705078125 0.7394110932872655 0.7353515625 0.7544499629812438 0.7138671875 0.7594629195459033 0.6806640625 0.7644758761105627 0.6552734375 0.7619693978282329 0.63671875 0.7907938980750246 0.6513671875 0.7945536154985192 0.6611328125 0.7870341806515301 0.6669921875 0.7870341806515301 0.6826171875 0.7945536154985192
2 0.69140625 0.7933003763573544 0.7158203125 0.7920471372161896 0.7744140625 0.7719953109575518 0.8017578125 0.7519434846989141 0.814453125 0.7356513758637709 0.82421875 0.7080801147581441 0.8203125 0.6429116794175715 0.826171875 0.6353922445705824 0.83203125 0.6028080269002961 0.83203125 0.5777432440769991 0.8359375 0.5702238092300099 0.8359375 0.5551849395360315 0.84375 0.5276136784304047 0.84375 0.5050553738894373 0.83984375 0.4850035476307996 0.8212890625 0.45868552566633763 0.7900390625 0.4386336994076999 0.7451171875 0.42359482971372164 0.7138671875 0.4210883514313919 0.6982421875 0.41607539486673245 0.6669921875 0.41607539486673245 0.6640625 0.4198351122902271 0.68359375 0.4448998951135242 0.6875 0.45743228652517276 0.68359375 0.4674581996544916 0.6748046875 0.4737243953603159 0.669921875 0.4850035476307996 0.66015625 0.49502946076011844 0.65625 0.5025488956071076 0.65625 0.5150812870187562 0.671875 0.5451590264067128 0.677734375 0.5677173309476802 0.68359375 0.6028080269002961 0.685546875 0.6404052011352419 0.6796875 0.6855218102171767 0.66796875 0.7331448975814413 0.6640625 0.7356513758637709 0.65625 0.7607161586870681 0.650390625 0.7657291152517275 0.638671875 0.788287419792695 0.6416015625 0.7920471372161896 0.6787109375 0.7895406589338598 0.6865234375 0.7945536154985192
2 0.515625 0.8634817682625864 0.5400390625 0.8597220508390918 0.5693359375 0.8471896594274433 0.5927734375 0.8321507897334649 0.642578125 0.7807679849457059 0.662109375 0.7456772889930898 0.677734375 0.6930412450641659 0.681640625 0.6604570273938796 0.681640625 0.6028080269002961 0.669921875 0.5476655046890424 0.6240234375 0.46119200394866733 0.6162109375 0.45868552566633763 0.6044921875 0.4411401776900296 0.5673828125 0.41607539486673245 0.5302734375 0.4035430034550839 0.4970703125 0.4010365251727542 0.4560546875 0.41106243830207306 0.4404296875 0.4210883514313919 0.4287109375 0.42359482971372164 0.3916015625 0.4511660908193485 0.365234375 0.48249706934846986 0.3359375 0.5401460698420533 0.328125 0.5702238092300099 0.322265625 0.612833940029615 0.322265625 0.6679764622408687 0.33203125 0.718106027887463 0.34375 0.7506902455577492 0.35546875 0.7732485500987167 0.3798828125 0.8045795286278381 0.4091796875 0.8321507897334649 0.4404296875 0.8522026159921027 0.4833984375 0.8647350074037512