3 0.60546875 0.408484951761745 0.6162109375 0.39226352768456374 0.6435546875 0.3834154781879195 0.6806640625 0.3834154781879195 0.689453125 0.37309275377516776 0.6767578125 0.35982067953020136 0.6337890625 0.35097263003355705 0.5244140625 0.3539219798657718 0.505859375 0.36719405411073824 0.505859375 0.3878395029362416 0.5205078125 0.40111157718120805
3 0.603515625 0.43797845008389263 0.607421875 0.41733300125838924 0.6044921875 0.40995962667785235 0.5439453125 0.40701027684563756 0.5087890625 0.39226352768456374 0.501953125 0.3966875524328859 0.50390625 0.420282351090604 0.5146484375 0.42765572567114096
3 0.60546875 0.458623898909396 0.6044921875 0.4365037751677852 0.5576171875 0.4365037751677852 0.50390625 0.42618105075503354 0.50390625 0.43797845008389263 0.5146484375 0.45125052432885904 0.5537109375 0.46009857382550334
3 0.599609375 0.4822186975671141 0.60546875 0.470421298238255 0.6044921875 0.46009857382550334 0.5380859375 0.4571492239932886 0.5087890625 0.4453518246644295 0.505859375 0.44977584941275167 0.5078125 0.4674719484060403 0.5185546875 0.47484532298657717
3 0.59765625 0.5058134962248322 0.5986328125 0.4836933724832215 0.5458984375 0.4807440226510067 0.5166015625 0.47189597315436244 0.509765625 0.4763199979026846 0.509765625 0.4910667470637584 0.5166015625 0.4954907718120805 0.5634765625 0.5072881711409396
3 0.595703125 0.5294082948825504 0.5986328125 0.5072881711409396 0.5341796875 0.50138947147651 0.5185546875 0.4925414219798658 0.5107421875 0.4925414219798658 0.5078125 0.49991479656040266 0.5126953125 0.5161362206375839 0.5283203125 0.5249842701342282
3 0.58984375 0.5559524433724832 0.595703125 0.5412056942114094 0.5908203125 0.5308829697986577 0.5576171875 0.5308829697986577 0.5078125 0.5176108955536913 0.5078125 0.5353069945469798 0.5185546875 0.5456297189597316
3 0.58984375 0.5795472420302014 0.5888671875 0.5574271182885906 0.5361328125 0.551528418624161 0.5166015625 0.5426803691275168 0.5078125 0.547104393875839 0.5078125 0.558901793204698 0.5166015625 0.5692245176174496
3 0.58984375 0.6031420406879194 0.5888671875 0.5810219169463087 0.509765625 0.5677498427013423 0.509765625 0.5824965918624161 0.5185546875 0.5928193162751678 0.5654296875 0.6046167156040269
3 0.59375 0.6237874895134228 0.5908203125 0.6046167156040269 0.5361328125 0.5987180159395973 0.5185546875 0.589869966442953 0.5078125 0.5942939911912751 0.5126953125 0.6134647651006712 0.5283203125 0.6193634647651006
3 0.59375 0.6503316380033557 0.595703125 0.6326355390100671 0.5908203125 0.6252621644295302 0.51171875 0.6149394400167785 0.51171875 0.6296861891778524 0.5302734375 0.6429582634228188 0.5673828125 0.6518063129194631
3 0.59375 0.6503316380033557 0.595703125 0.6385342386744967 0.5908203125 0.6252621644295302 0.51171875 0.6149394400167785 0.51171875 0.6326355390100671 0.5302734375 0.6429582634228188
3 0.59375 0.7034199349832215 0.5927734375 0.6783504614093959 0.5400390625 0.6724517617449665 0.5107421875 0.6577050125838926 0.5078125 0.6621290373322147 0.509765625 0.6857238359899329 0.5244140625 0.6960465604026845
3 0.58984375 0.7270147336409396 0.5908203125 0.7048946098993288 0.5439453125 0.7019452600671141 0.509765625 0.6916225356543624 0.509765625 0.709318634647651 0.5185546875 0.7166920092281879
3 0.587890625 0.7506095322986577 0.5888671875 0.728489408557047 0.5361328125 0.7225907088926175 0.509765625 0.7122679844798657 0.5078125 0.7299640834731543 0.5166015625 0.7402868078859061 0.5673828125 0.7520842072147651
0 0.943359375 0.22267591233221476 0.9755859375 0.2182518875838926 0.978515625 0.19023306417785235 0.9619140625 0.18285968959731544 0.8759765625 0.17401164010067113 0.8154296875 0.1769609899328859 0.78515625 0.1872837143456376 0.78515625 0.20792916317114093 0.8037109375 0.2182518875838926 0.8447265625 0.22415058724832215
0 0.935546875 0.24922006082214765 0.9697265625 0.2447960360738255 0.970703125 0.22267591233221476 0.8505859375 0.22415058724832215 0.779296875 0.2108785130033557 0.7802734375 0.24184668624161074 0.8466796875 0.250694735738255
0 0.919921875 0.2757642093120805 0.9697265625 0.2683908347315436 0.970703125 0.2462707109899329 0.8447265625 0.250694735738255 0.7802734375 0.24184668624161074 0.77734375 0.25216941065436244 0.7822265625 0.26544148489932884 0.8076171875 0.2713401845637584
0 0.939453125 0.29935900796979864 0.9716796875 0.29198563338926176 0.97265625 0.2728148594798658 0.9658203125 0.2683908347315436 0.9208984375 0.27723888422818793 0.8642578125 0.27723888422818793 0.779296875 0.26691615981543626 0.779296875 0.2846122588087248 0.7958984375 0.2949349832214765 0.8427734375 0.30083368288590606
0 0.927734375 0.32590315645973156 0.9697265625 0.3214791317114094 0.9765625 0.31410575713087246 0.9765625 0.2934603083053691 0.9423828125 0.30083368288590606 0.8349609375 0.30083368288590606 0.78515625 0.2934603083053691 0.78515625 0.31115640729865773 0.7978515625 0.3185297818791946 0.8642578125 0.3273778313758389
0 0.9453125 0.3494979551174497 0.9677734375 0.34507393036912754 0.97265625 0.32295380662751677 0.9658203125 0.3185297818791946 0.9345703125 0.3273778313758389 0.8603515625 0.3273778313758389 0.7822265625 0.3126310822147651 0.779296875 0.32590315645973156 0.7802734375 0.33917523070469796 0.8173828125 0.34802328020134227
0 0.9140625 0.37604210360738255 0.9658203125 0.36866872902684567 0.970703125 0.3612953544463087 0.96875 0.3465486052852349 0.8466796875 0.35097263003355705 0.7861328125 0.33917523070469796 0.7783203125 0.33917523070469796 0.775390625 0.3465486052852349 0.7822265625 0.3657193791946309 0.8017578125 0.3716180788590604
0 0.955078125 0.3996369022651007 0.974609375 0.3878395029362416 0.9716796875 0.3657193791946309 0.9306640625 0.3775167785234899 0.8193359375 0.3745674286912752 0.783203125 0.36719405411073824 0.783203125 0.38489015310402686 0.7978515625 0.3952128775167785 0.8369140625 0.40111157718120805
0 0.939453125 0.42618105075503354 0.9638671875 0.4217570260067114 0.96875 0.4143836514261745 0.96875 0.3996369022651007 0.9658203125 0.3952128775167785 0.9560546875 0.40111157718120805 0.798828125 0.3966875524328859 0.8046875 0.4025862520973154 0.8076171875 0.4217570260067114 0.8212890625 0.4247063758389262
0 0.921875 0.45272519924496646 0.9619140625 0.4453518246644295 0.966796875 0.44092779991610737 0.966796875 0.4232317009228188 0.8408203125 0.42765572567114096 0.8076171875 0.4217570260067114 0.8046875 0.42913040058724833 0.8046875 0.44682649958053694 0.8193359375 0.45125052432885904
0 0.92578125 0.4763199979026846 0.9638671875 0.46894662332214765 0.96484375 0.44682649958053694 0.9208984375 0.4541998741610738 0.8212890625 0.4483011744966443 0.8046875 0.45272519924496646 0.8046875 0.470421298238255 0.8134765625 0.47484532298657717
0 0.8984375 0.5028641463926175 0.9580078125 0.4954907718120805 0.96484375 0.4881173972315436 0.96484375 0.4733706480704698 0.9619140625 0.46894662332214765 0.9365234375 0.47779467281879195 0.8046875 0.4763199979026846 0.8076171875 0.4984401216442953
0 0.9375 0.49991479656040266 0.9619140625 0.4925414219798658 0.96484375 0.4733706480704698 0.9619140625 0.46894662332214765 0.9365234375 0.47779467281879195 0.8330078125 0.47779467281879195 0.8154296875 0.47189597315436244 0.8046875 0.4763199979026846 0.8046875 0.49401609689597314 0.8095703125 0.4984401216442953
0 0.9375 0.49991479656040266 0.9619140625 0.4925414219798658 0.96484375 0.4733706480704698 0.9619140625 0.46894662332214765 0.9365234375 0.47779467281879195 0.8330078125 0.47779467281879195 0.8154296875 0.47189597315436244 0.8046875 0.4763199979026846 0.8046875 0.49401609689597314 0.8095703125 0.4984401216442953
0 0.916015625 0.5264589450503355 0.9560546875 0.5220349203020134 0.96484375 0.5117121958892618 0.96484375 0.49696544672818793 0.9619140625 0.4925414219798658 0.9091796875 0.5043388213087249 0.8037109375 0.4954907718120805 0.798828125 0.49991479656040266 0.798828125 0.5176108955536913 0.8134765625 0.5249842701342282
0 0.908203125 0.5530030935402684 0.9580078125 0.5456297189597316 0.962890625 0.5412056942114094 0.96484375 0.5235095952181208 0.9560546875 0.5190855704697986 0.9189453125 0.527933619966443 0.8056640625 0.5220349203020134 0.798828125 0.5264589450503355 0.798828125 0.5412056942114094 0.8095703125 0.5485790687919463
0 0.890625 0.5795472420302014 0.9560546875 0.5721738674496645 0.962890625 0.5648004928691275 0.962890625 0.5441550440436241 0.9052734375 0.5544777684563759 0.796875 0.5500537437080537 0.8017578125 0.5721738674496645
0 0.89453125 0.6060913905201343 0.9560546875 0.5957686661073825 0.962890625 0.5883952915268457 0.962890625 0.5795472420302014 0.9599609375 0.5692245176174496 0.9013671875 0.5810219169463087 0.8017578125 0.5721738674496645 0.794921875 0.5765978921979866 0.794921875 0.5854459416946308 0.8017578125 0.5957686661073825 0.8134765625 0.6016673657718121
0 0.90234375 0.6296861891778524 0.9599609375 0.6223128145973155 0.970703125 0.6149394400167785 0.970703125 0.5883952915268457 0.9638671875 0.5869206166107382 0.9501953125 0.5987180159395973 0.8974609375 0.6075660654362416 0.7998046875 0.5987180159395973 0.796875 0.6119900901845637 0.8037109375 0.6223128145973155 0.8310546875 0.6282115142617449
0 0.916015625 0.6562303376677853 0.9658203125 0.6459076132550335 0.97265625 0.6355848888422819 0.97265625 0.6149394400167785 0.9501953125 0.6252621644295302 0.9033203125 0.6311608640939598 0.8564453125 0.6311608640939598 0.8115234375 0.6223128145973155 0.794921875 0.6267368393456376 0.794921875 0.6385342386744967 0.7998046875 0.6459076132550335 0.8212890625 0.6518063129194631
0 0.900390625 0.6798251363255033 0.9541015625 0.6754011115771812 0.96875 0.6621290373322147 0.96875 0.647382288171141 0.9169921875 0.6577050125838926 0.8623046875 0.6577050125838926 0.8056640625 0.6459076132550335 0.7958984375 0.6459076132550335 0.79296875 0.6532809878355704 0.7958984375 0.6724517617449665 0.8134765625 0.6783504614093959
0 0.916015625 0.7034199349832215 0.9638671875 0.6930972105704698 0.96875 0.670977086828859 0.9189453125 0.6812998112416108 0.8466796875 0.6812998112416108 0.79296875 0.6739264366610739 0.79296875 0.6916225356543624 0.8095703125 0.6989959102348994 0.8486328125 0.7048946098993288
0 0.9140625 0.7270147336409396 0.9560546875 0.7196413590604027 0.96484375 0.709318634647651 0.966796875 0.697521235318792 0.9580078125 0.6930972105704698 0.9150390625 0.7048946098993288 0.8466796875 0.7048946098993288 0.7939453125 0.6930972105704698 0.791015625 0.7034199349832215 0.7958984375 0.7196413590604027 0.8095703125 0.7225907088926175 0.8486328125 0.728489408557047
0 0.90625 0.7535588821308725 0.9521484375 0.7461855075503355 0.9609375 0.7329134333053692 0.9609375 0.7181666841442953 0.9150390625 0.728489408557047 0.79296875 0.72111603397651 0.79296875 0.7417614828020134 0.8056640625 0.7491348573825504